8616
32109
78123
9214
79292
78124
10675
9699
10688
149082
158867
50113
16370
84844
142604
2760
163395
151371
31424
68665
516
6064
31713
9465
108580
15864
6090
2767
1387
67488
18262
79259
5183
1525
40979
109186
4917
1560
67120
28462
55435
2323
137899
39318
134943
1502
7075
70675
37950
172732
15183
137453
153509
43723
29110
7259
6023
18263
142608
39695
7742
151269
70687
160647
2149
32227
165042
38902
20585
56769
139859
39406
8435
18307
44884
136930
168227
2258
17736
18264
44393
53259
56768
139864
163450
